[0m                                                                                                                        [0m
                                                     [38;2;25;16;23m▄[38;2;38;25;36m▄[38;2;32;21;31;48;2;23;15;22m▄[38;2;22;15;22;48;2;38;24;36m▄[38;2;19;14;20;48;2;44;29;40m▄[38;2;20;15;20;48;2;45;29;41m▄[38;2;32;24;33;48;2;47;32;43m▄[38;2;58;43;55;48;2;35;24;35m▄[0m[38;2;63;46;57m▄[38;2;30;19;27m▄[0m                                                         [0m
                                                   [38;2;20;14;20m▄[38;2;29;21;30;48;2;33;22;32m▄[38;2;31;22;33;48;2;32;21;32m▄[38;2;36;26;38;48;2;22;15;24m▄[38;2;42;32;44;48;2;13;10;15m▄[0m[38;2;43;32;45m▄[38;2;40;29;42m▄[38;2;39;27;40m▄[38;2;36;26;38;48;2;17;12;19m▄[38;2;37;29;39;48;2;33;26;34m▄[38;2;62;50;61;48;2;66;54;66m▄[38;2;36;25;35;48;2;42;28;38m▄[0m                                                         [0m
                          [38;2;73;70;71m▄[38;2;118;114;114m▄[38;2;125;121;121m▄[38;2;88;84;84m▄[38;2;27;27;27m▄[0m [38;2;79;76;76m▄[38;2;126;121;122m▄[38;2;113;108;109m▄[38;2;75;72;72m▄[0m           [38;2;29;19;26m▄[38;2;43;30;41m▄[38;2;49;37;48;48;2;28;19;26m▄[38;2;56;44;56;48;2;46;33;45m▄[38;2;57;45;58;48;2;40;30;41m▄[38;2;59;47;59;48;2;40;31;42m▄[38;2;60;49;61;48;2;49;38;51m▄[38;2;54;43;55;48;2;54;42;55m▄[38;2;49;37;50;48;2;55;42;56m▄[38;2;46;34;48;48;2;55;41;56m▄[38;2;50;39;52;48;2;53;40;55m▄[38;2;59;47;59;48;2;54;41;55m▄[38;2;60;48;62;48;2;52;40;53m▄[38;2;60;47;60;48;2;52;40;52m▄[38;2;61;48;63;48;2;59;46;59m▄[38;2;66;52;66;48;2;52;40;53m▄[38;2;67;53;67;48;2;52;40;52m▄[38;2;69;53;68;48;2;52;39;51m▄[38;2;68;51;65;48;2;43;31;41m▄[0m[38;2;58;42;55m▄[38;2;38;27;36m▄[38;2;23;15;21m▄[0m                                                   [0m
                     [38;2;79;139;70;48;2;39;70;35m▄[38;2;109;188;96;48;2;55;97;49m▄[38;2;86;149;76;48;2;23;41;21m▄[0m[38;2;48;80;43m▄[38;2;148;147;142;48;2;93;89;90m▄[38;2;154;147;148;48;2;151;144;145m▄[0m[7m[38;2;152;145;145m▄[38;2;148;142;142m▄[0m[38;2;149;145;145;48;2;168;161;161m▄[38;2;188;183;183;48;2;114;112;112m▄[38;2;69;65;66;48;2;49;46;47m▄[38;2;191;183;183;48;2;167;160;161m▄[38;2;89;85;86;48;2;135;129;130m▄[38;2;75;71;72;48;2;143;136;137m▄[38;2;83;79;80;48;2;145;138;140m▄[38;2;62;59;60;48;2;91;88;89m▄[0m    [38;2;12;7;11m▄[38;2;15;9;15m▄[38;2;38;25;34m▄[38;2;38;27;37m▄[38;2;45;31;44;48;2;25;16;21m▄[38;2;51;37;51;48;2;33;23;32m▄[38;2;60;45;58;48;2;50;35;47m▄[38;2;80;59;74;48;2;60;44;57m▄[48;2;66;49;64m▄[38;2;67;53;66;48;2;63;50;63m▄[38;2;65;52;65;48;2;65;52;65m▄[38;2;52;43;53;48;2;63;51;63m▄[38;2;35;27;36;48;2;50;41;51m▄[38;2;28;20;31;48;2;33;26;35m▄[38;2;34;24;36;48;2;30;22;32m▄[38;2;33;23;35;48;2;27;19;30m▄[38;2;29;21;32;48;2;30;22;32m▄[38;2;28;21;30;48;2;47;37;48m▄[38;2;50;40;50;48;2;65;52;65m▄[38;2;68;55;67;48;2;67;53;67m▄[38;2;69;55;68;48;2;66;52;66m▄[38;2;68;53;67;48;2;66;52;65m▄[38;2;69;53;67;48;2;69;54;68m▄[38;2;79;59;74;48;2;78;58;74m▄[38;2;82;60;76;48;2;80;59;74m▄[38;2;70;55;68;48;2;68;51;65m▄[38;2;58;46;58;48;2;51;38;50m▄[38;2;46;34;46;48;2;45;31;43m▄[38;2;41;28;40;48;2;30;20;29m▄[0m[38;2;28;19;27m▄[0m                                                 [0m
                     [38;2;43;73;38;48;2;73;126;65m▄[38;2;84;143;75;48;2;102;175;90m▄[38;2;44;76;39;48;2;75;128;66m▄[38;2;14;21;14;48;2;42;68;38m▄[38;2;157;151;151;48;2;161;158;154m▄[38;2;152;147;147;48;2;151;146;146m▄[0m  [38;2;140;136;136;48;2;139;136;136m▄[38;2;203;197;197;48;2;197;191;191m▄[0m[38;2;23;22;23m▄[38;2;74;71;72;48;2;137;131;131m▄[38;2;89;85;86;48;2;169;162;162m▄[38;2;107;103;103;48;2;157;149;149m▄[38;2;136;130;131;48;2;112;106;107m▄[38;2;82;78;79;48;2;40;39;39m▄[0m    [7m[38;2;17;11;17m▄[0m[38;2;22;14;22;48;2;34;22;33m▄[38;2;42;29;43;48;2;49;33;48m▄[38;2;24;16;27;48;2;48;32;47m▄[38;2;53;39;52;48;2;39;28;40m▄[38;2;60;47;60;48;2;55;42;55m▄[38;2;71;56;70;48;2;70;54;68m▄[38;2;84;61;78;48;2;85;61;78m▄[38;2;97;68;86;48;2;80;59;75m▄[38;2;81;58;73;48;2;68;54;67m▄[38;2;56;41;54;48;2;56;45;56m▄[38;2;49;38;50;48;2;43;32;43m▄[38;2;58;46;59;48;2;42;32;44m▄[38;2;63;50;63;48;2;50;38;51m▄[38;2;65;51;65;48;2;55;42;56m▄[38;2;66;52;66;48;2;55;43;56m▄[38;2;61;47;62;48;2;52;39;53m▄[38;2;65;50;65;48;2;46;35;47m▄[38;2;55;44;55;48;2;38;29;40m▄[38;2;38;30;39;48;2;54;44;54m▄[38;2;75;56;72;48;2;69;56;69m▄[38;2;93;66;84;48;2;73;57;71m▄[38;2;102;70;89;48;2;81;59;76m▄[38;2;92;65;83;48;2;86;61;79m▄[38;2;75;57;72;48;2;82;60;76m▄[38;2;67;53;67;48;2;68;54;67m▄[38;2;63;50;64;48;2;63;51;63m▄[38;2;59;47;60;48;2;53;43;53m▄[38;2;45;35;47;48;2;40;30;40m▄[38;2;31;23;33;48;2;34;24;33m▄[0m[38;2;22;16;24m▄[0m            [38;2;35;32;38m▄[38;2;109;101;115;48;2;115;107;120m▄[38;2;120;112;126;48;2;122;114;128m▄[0m                                 [0m
                      [38;2;68;116;61;48;2;90;153;80m▄[38;2;93;160;83;48;2;92;160;80m▄[38;2;62;108;55;48;2;63;111;56m▄[38;2;35;45;34;48;2;137;141;131m▄[38;2;145;137;138;48;2;164;158;158m▄[38;2;208;198;199;48;2;99;95;96m▄[38;2;215;205;206;48;2;77;73;74m▄[38;2;181;175;176;48;2;165;160;161m▄[38;2;32;30;31;48;2;193;187;187m▄[0m[7m[38;2;67;63;64m▄[0m[38;2;116;110;111;48;2;182;173;174m▄[38;2;215;205;206;48;2;80;77;77m▄[38;2;203;194;195;48;2;96;93;93m▄[38;2;142;136;137;48;2;147;142;142m▄[38;2;46;44;44;48;2;124;120;120m▄[0m    [38;2;37;27;36m▄[38;2;28;19;30;48;2;37;25;35m▄[38;2;12;8;14;48;2;23;15;23m▄[38;2;56;40;55;48;2;44;29;41m▄[38;2;61;50;63;48;2;59;44;60m▄[38;2;62;50;63;48;2;63;50;65m▄[38;2;61;48;62;48;2;66;52;65m▄[38;2;73;57;71;48;2;86;61;78m▄[38;2;80;58;73;48;2;104;70;89m▄[38;2;82;56;72;48;2;81;55;71m▄[38;2;83;58;75;48;2;58;44;57m▄[38;2;82;59;75;48;2;61;49;61m▄[38;2;73;55;70;48;2;65;52;65m▄[38;2;70;54;69;48;2;69;55;68m▄[38;2;71;57;70;48;2;70;56;70m▄[38;2;71;56;70;48;2;71;56;71m▄[38;2;69;54;68;48;2;66;51;66m▄[38;2;69;51;67;48;2;66;53;66m▄[38;2;82;60;75;48;2;68;55;67m▄[38;2;83;59;76;48;2;55;42;55m▄[38;2;54;38;52;48;2;63;43;57m▄[38;2;96;65;84;48;2;113;75;97m▄[38;2;93;66;85;48;2;111;74;95m▄[38;2;74;57;73;48;2;91;65;82m▄[38;2;69;53;68;48;2;70;55;69m▄[38;2;68;54;68;48;2;68;54;68m▄[38;2;66;53;67;48;2;64;51;64m▄[38;2;62;49;63;48;2;62;48;62m▄[38;2;64;50;64;48;2;54;41;55m▄[38;2;46;37;48;48;2;31;23;33m▄[38;2;33;24;34;48;2;34;24;36m▄[38;2;44;30;43;48;2;22;15;22m▄[0m         [38;2;11;10;12m▄[38;2;5;5;7m▄[38;2;48;46;52;48;2;62;58;65m▄[38;2;89;84;94;48;2;118;111;125m▄[38;2;92;86;97;48;2;91;86;97m▄[0m[38;2;45;42;49m▄[0m                                [0m
                                        [38;2;11;9;14;48;2;4;3;6m▄[38;2;28;20;28;48;2;29;19;29m▄[38;2;42;30;39;48;2;25;16;24m▄[38;2;64;49;62;48;2;37;28;37m▄[38;2;67;53;66;48;2;65;52;65m▄[38;2;66;52;66;48;2;62;49;63m▄[38;2;62;48;62;48;2;63;51;65m▄[38;2;70;55;70;48;2;67;53;67m▄[38;2;66;51;66;48;2;68;54;68m▄[38;2;59;46;60;48;2;66;50;64m▄[38;2;70;53;68;48;2;82;57;73m▄[38;2;86;62;79;48;2;102;70;88m▄[38;2;96;67;85;48;2;104;71;90m▄[38;2;97;67;85;48;2;100;69;88m▄[38;2;102;69;88;48;2;96;67;86m▄[38;2;110;74;95;48;2;94;67;83m▄[38;2;112;76;96;48;2;93;67;83m▄[38;2;108;73;93;48;2;101;70;89m▄[38;2;81;55;73;48;2;89;61;80m▄[38;2;89;64;80;48;2;104;71;90m▄[38;2;81;63;77;48;2;105;73;93m▄[38;2;61;49;61;48;2;63;47;61m▄[38;2;48;36;49;48;2;53;40;51m▄[38;2;70;55;69;48;2;73;57;71m▄[38;2;72;56;71;48;2;72;57;71m▄[38;2;70;55;70;48;2;70;55;70m▄[38;2;65;51;66;48;2;67;53;67m▄[38;2;64;51;66m▄[38;2;64;51;65;48;2;63;50;64m▄[38;2;60;48;61;48;2;61;49;62m▄[38;2;61;49;62;48;2;65;53;65m▄[38;2;65;52;65;48;2;56;43;54m▄[38;2;64;49;62;48;2;43;31;41m▄[38;2;63;45;57;48;2;27;19;27m▄[0m[38;2;43;30;39m▄[38;2;37;23;33m▄[38;2;26;16;24m▄[0m    [38;2;61;58;65;48;2;110;103;116m▄[38;2;80;75;85;48;2;128;121;136m▄[0m                                     [0m
                      [38;2;74;136;67;48;2;76;142;69m▄[0m               [38;2;25;15;23m▄[38;2;40;27;37m▄[38;2;56;41;52;48;2;30;21;28m▄[38;2;62;46;58;48;2;52;38;49m▄[38;2;57;43;55;48;2;69;51;65m▄[38;2;49;37;49;48;2;66;50;64m▄[38;2;69;52;67;48;2;64;50;64m▄[38;2;69;53;68;48;2;68;54;67m▄[38;2;69;54;68;48;2;65;51;65m▄[38;2;71;56;70;48;2;70;56;69m▄[38;2;67;52;67;48;2;65;51;65m▄[38;2;64;50;64;48;2;60;47;60m▄[38;2;65;50;64;48;2;66;52;65m▄[38;2;62;48;62;48;2;68;53;67m▄[38;2;64;50;64;48;2;72;55;70m▄[38;2;63;50;64;48;2;75;56;72m▄[38;2;66;52;66;48;2;83;60;76m▄[38;2;70;56;69;48;2;92;67;83m▄[38;2;72;57;71;48;2;90;67;82m▄[38;2;72;57;70;48;2;85;63;78m▄[38;2;59;42;53;48;2;62;46;60m▄[38;2;72;55;69;48;2;69;55;69m▄[38;2;72;56;70;48;2;70;57;70m▄[38;2;69;55;68;48;2;66;53;66m▄[38;2;55;42;56;48;2;50;37;51m▄[38;2;61;47;61;48;2;65;51;65m▄[38;2;71;56;70;48;2;72;56;71m▄[38;2;70;56;70;48;2;70;55;70m▄[38;2;65;51;65;48;2;65;50;65m▄[38;2;63;50;63;48;2;63;50;64m▄[38;2;67;53;67;48;2;67;53;67m▄[38;2;65;51;64;48;2;63;49;63m▄[38;2;61;48;61;48;2;58;46;59m▄[38;2;57;45;57m▄[38;2;40;31;42;48;2;53;42;53m▄[38;2;28;19;29;48;2;53;41;52m▄[38;2;30;19;29;48;2;48;35;46m▄[0m[7m[38;2;20;13;20m▄[0m   [38;2;70;67;75m▄[38;2;79;75;84;48;2;53;50;57m▄[0m[7m[38;2;51;48;55m▄[38;2;56;52;60m▄[0m                                     [0m
                      [38;2;32;61;28;48;2;68;129;61m▄[0m  [7m[38;2;43;79;37m▄[0m[38;2;47;89;41;48;2;70;132;61m▄[38;2;49;91;43;48;2;73;134;64m▄[0m[38;2;15;27;13m▄[0m          [38;2;40;17;30;48;2;20;13;19m▄[38;2;37;17;30;48;2;38;25;36m▄[38;2;36;22;34;48;2;38;26;37m▄[38;2;37;25;38;48;2;35;25;36m▄[38;2;63;45;59;48;2;46;33;44m▄[38;2;68;51;65;48;2;71;53;68m▄[38;2;67;51;66;48;2;68;52;66m▄[38;2;74;56;70;48;2;71;55;69m▄[38;2;78;57;71;48;2;73;56;70m▄[38;2;76;54;69;48;2;71;53;68m▄[38;2;86;60;74;48;2;73;54;69m▄[38;2;102;66;76;48;2;74;52;66m▄[38;2;98;64;74;48;2;70;49;63m▄[38;2;80;58;72;48;2;68;52;66m▄[38;2;73;56;69;48;2;66;52;66m▄[38;2;69;52;67;48;2;65;51;65m▄[38;2;70;52;68;48;2;69;54;68m▄[38;2;75;56;71;48;2;72;56;70m▄[38;2;79;57;71;48;2;74;57;70m▄[38;2;157;107;105;48;2;102;66;69m▄[38;2;145;94;97;48;2;97;65;76m▄[38;2;92;63;77;48;2;80;59;74m▄[38;2;81;59;74;48;2;73;56;70m▄[38;2;69;50;65;48;2;61;46;60m▄[38;2;70;50;66;48;2;64;48;62m▄[38;2;75;59;72;48;2;72;57;71m▄[38;2;71;56;69;48;2;70;55;70m▄[38;2;62;47;61;48;2;64;50;64m▄[38;2;56;42;56;48;2;60;47;61m▄[38;2;60;47;61;48;2;64;50;65m▄[38;2;66;53;66;48;2;66;52;66m▄[38;2;65;50;64;48;2;64;51;64m▄[38;2;63;48;62;48;2;63;50;63m▄[38;2;64;51;64;48;2;58;45;59m▄[38;2;63;48;61;48;2;41;31;41m▄[38;2;55;39;51;48;2;42;28;40m▄[38;2;47;33;43;48;2;27;18;25m▄[0m   [7m[38;2;41;39;44m▄[0m                                        [0m
         [38;2;38;30;41m▄[38;2;50;39;53;48;2;24;19;26m▄[38;2;56;44;57;48;2;28;22;29m▄[38;2;64;52;65;48;2;31;24;31m▄[38;2;65;53;66;48;2;31;25;32m▄[38;2;64;51;65m▄[38;2;67;56;69;48;2;30;24;31m▄[38;2;57;46;59;48;2;27;22;28m▄[0m[38;2;26;21;28m▄[0m   [38;2;31;23;30m▄[38;2;36;27;35m▄▄[38;2;36;27;34m▄[38;2;36;27;35m▄[38;2;36;28;35m▄[38;2;36;27;34m▄[38;2;35;27;33m▄[38;2;35;27;35m▄[38;2;36;28;35m▄[38;2;36;27;35m▄▄[38;2;38;28;36m▄[38;2;38;29;36m▄[38;2;37;28;35m▄[38;2;36;29;35m▄[0m [38;2;40;14;26;48;2;42;15;28m▄[38;2;59;21;39;48;2;68;25;46m▄[38;2;54;27;43;48;2;53;23;40m▄[38;2;65;39;57;48;2;56;33;50m▄[38;2;53;35;49;48;2;49;32;46m▄[38;2;45;32;43;48;2;63;45;58m▄[38;2;70;50;64;48;2;68;50;63m▄[38;2;75;54;69;48;2;71;54;68m▄[38;2;86;60;75;48;2;78;57;72m▄[38;2;92;62;78;48;2;84;59;74m▄[38;2;92;59;75;48;2;82;55;72m▄[38;2;131;89;98;48;2;105;70;83m▄[38;2;188;137;135;48;2;142;95;99m▄[38;2;172;127;127;48;2;133;89;95m▄[38;2;113;76;88;48;2;93;64;77m▄[38;2;96;64;80;48;2;83;60;74m▄[38;2;95;64;80;48;2;79;56;72m▄[48;2;79;56;71m▄[38;2;96;64;80;48;2;84;59;75m▄[38;2;119;79;89;48;2;90;61;74m▄[38;2;213;173;165;48;2;181;138;134m▄[38;2;237;198;187;48;2;195;146;142m▄[38;2;190;144;141;48;2;122;81;91m▄[38;2;122;79;90;48;2;92;62;78m▄[38;2;91;59;75;48;2;80;55;72m▄[38;2;85;56;74;48;2;76;53;69m▄[38;2;88;63;78;48;2;81;60;74m▄[38;2;79;58;72;48;2;74;56;69m▄[38;2;77;57;68;48;2;61;45;58m▄[38;2;78;59;66;48;2;48;34;47m▄[38;2;70;57;66;48;2;53;42;55m▄[38;2;69;60;72;48;2;66;53;66m▄[38;2;68;56;70;48;2;64;51;64m▄[38;2;62;49;62;48;2;58;45;59m▄[38;2;47;36;48;48;2;54;42;55m▄[38;2;40;30;41;48;2;61;47;60m▄[38;2;52;38;50;48;2;69;50;63m▄[38;2;43;30;40;48;2;61;43;55m▄[0m[7m[38;2;49;31;43m▄[38;2;25;16;22m▄[0m           [38;2;19;10;11m▄[38;2;107;82;77m▄[38;2;169;138;129;48;2;58;44;41m▄[0m[38;2;160;132;124m▄[38;2;108;86;81m▄[38;2;74;55;52m▄[0m                         [0m
       [38;2;23;18;25m▄[38;2;35;28;38;48;2;33;28;37m▄[38;2;33;25;36;48;2;40;32;43m▄[38;2;46;35;49;48;2;49;37;52m▄[38;2;58;47;61;48;2;55;43;58m▄[38;2;88;77;89;48;2;79;68;81m▄[38;2;90;80;92;48;2;85;73;86m▄[38;2;88;77;89;48;2;84;73;85m▄[38;2;91;80;93;48;2;91;80;93m▄[38;2;66;56;68;48;2;60;49;61m▄[38;2;31;24;33;48;2;29;23;31m▄[0m   [38;2;48;36;50;48;2;55;41;55m▄[38;2;51;39;54;48;2;59;44;59m▄[38;2;51;38;54m▄[38;2;52;38;54;48;2;58;43;58m▄[38;2;52;39;54;48;2;58;44;58m▄[38;2;52;39;53;48;2;58;44;57m▄[48;2;57;44;57m▄▄[38;2;52;39;54;48;2;58;44;58m▄[48;2;59;45;58m▄▄[38;2;52;40;54;48;2;59;44;58m▄[48;2;60;45;59m▄[38;2;52;39;54;48;2;60;46;59m▄[38;2;51;39;54;48;2;59;45;58m▄[38;2;57;45;60;48;2;63;50;63m▄[38;2;60;50;63;48;2;56;48;56m▄[0m [38;2;57;21;37;48;2;37;14;25m▄[38;2;100;40;66;48;2;65;32;50m▄[38;2;93;45;70;48;2;76;43;62m▄[38;2;56;31;48;48;2;54;34;49m▄[38;2;47;33;47;48;2;37;25;38m▄[38;2;53;36;49;48;2;69;47;63m▄[38;2;52;35;47;48;2;69;49;63m▄[38;2;92;61;77;48;2;92;61;78m▄[38;2;100;64;80;48;2;99;64;80m▄[38;2;109;65;75;48;2;110;68;81m▄[38;2;141;93;92;48;2;162;111;114m▄[38;2;170;132;127;48;2;216;167;161m▄[38;2;186;141;136;48;2;205;156;150m▄[38;2;154;103;107;48;2;138;93;101m▄[38;2;121;75;90;48;2;107;69;85m▄[38;2;114;71;88;48;2;108;70;86m▄[38;2;111;70;86;48;2;105;68;84m▄[38;2;107;66;82;48;2;101;64;81m▄[38;2;146;97;100;48;2;144;97;103m▄[38;2;145;95;95;48;2;218;164;155m▄[38;2;119;85;85;48;2;235;190;179m▄[38;2;111;87;87;48;2;225;185;175m▄[38;2;93;68;69;48;2;171;124;123m▄[38;2;74;42;50;48;2;114;69;80m▄[38;2;77;46;62;48;2;94;60;77m▄[38;2;100;64;81;48;2;98;66;82m▄[38;2;100;66;82;48;2;90;62;78m▄[38;2;129;83;89;48;2;108;75;84m▄[38;2;188;129;123;48;2;146;107;106m▄[38;2;162;133;130;48;2;126;104;106m▄[38;2;98;103;109;48;2;84;82;91m▄[38;2;77;79;90;48;2;73;65;78m▄[38;2;58;49;61;48;2;63;51;64m▄[38;2;69;50;65;48;2;60;45;57m▄[38;2;63;45;57;48;2;35;25;36m▄[38;2;39;27;39;48;2;39;27;41m▄[38;2;35;24;33;48;2;40;28;38m▄[0m[38;2;21;13;21m▄[0m            [38;2;83;56;54;48;2;47;25;25m▄[38;2;245;208;195;48;2;219;180;168m▄[38;2;252;215;202;48;2;236;202;189m▄[38;2;251;216;203;48;2;235;201;188m▄[38;2;249;213;201;48;2;222;186;175m▄[38;2;240;201;188;48;2;187;149;140m▄[38;2;223;170;158;48;2;138;100;93m▄[0m[38;2;168;117;109m▄[0m                       [0m
       [38;2;17;13;18;48;2;23;18;25m▄[38;2;34;27;38;48;2;35;28;39m▄[38;2;40;31;44;48;2;32;25;36m▄[38;2;48;37;50;48;2;46;35;49m▄[38;2;55;45;57;48;2;58;46;60m▄[38;2;68;57;70;48;2;92;81;93m▄[38;2;72;61;73;48;2;89;78;90m▄[38;2;72;62;74;48;2;85;75;87m▄[38;2;72;60;73;48;2;95;84;96m▄[38;2;62;52;63;48;2;64;55;67m▄[38;2;31;25;33;48;2;31;24;33m▄[0m   [38;2;49;36;51;48;2;43;32;45m▄[38;2;52;38;53;48;2;50;37;51m▄[38;2;48;36;51;48;2;48;36;51m▄[38;2;49;36;51;48;2;49;36;51m▄▄▄[38;2;49;37;51m▄[38;2;49;37;52m▄▄[48;2;49;37;51m▄[48;2;48;36;51m▄[48;2;49;37;51m▄▄▄[38;2;49;37;51;48;2;48;36;51m▄[48;2;50;38;53m▄[38;2;54;42;57;48;2;51;40;54m▄[38;2;53;43;56;48;2;36;30;39m▄[38;2;63;30;47;48;2;85;35;56m▄[38;2;64;21;40;48;2;101;36;63m▄[38;2;95;42;66;48;2;96;44;69m▄[38;2;88;47;69;48;2;61;33;50m▄[38;2;62;37;53;48;2;58;41;55m▄[38;2;75;42;62;48;2;49;31;46m▄[38;2;93;62;82;48;2;51;33;46m▄[38;2;76;48;67;48;2;70;47;62m▄[38;2;97;54;73;48;2;91;58;74m▄[38;2;132;74;93;48;2;92;53;65m▄[38;2;130;94;106;48;2;91;54;58m▄[38;2;122;103;122;48;2;86;62;71m▄[38;2;111;91;116;48;2;102;74;82m▄[38;2;152;126;137;48;2;125;82;88m▄[38;2;186;146;145;48;2;139;86;94m▄[38;2;194;141;136;48;2;137;83;94m▄[38;2;192;134;131;48;2;124;76;90m▄[38;2;159;108;113;48;2;114;70;85m▄[38;2;163;122;127;48;2;149;99;102m▄[38;2;141;117;132;48;2;102;69;79m▄[38;2;121;100;128;48;2;73;51;69m▄[38;2;127;108;137;48;2;67;49;68m▄[38;2;151;129;143;48;2;84;59;73m▄[38;2;167;130;137;48;2;121;84;97m▄[38;2;110;63;80;48;2;87;50;67m▄[38;2;102;64;81;48;2;106;68;85m▄[38;2;113;74;87;48;2;110;70;85m▄[38;2;154;111;112;48;2;151;95;100m▄[38;2;150;120;116;48;2;192;133;128m▄[38;2;103;107;109;48;2;148;126;125m▄[38;2;108;150;145;48;2;105;127;128m▄[38;2;108;147;144;48;2;93;115;119m▄[38;2;80;84;92;48;2;66;65;76m▄[38;2;58;47;59;48;2;59;45;58m▄[38;2;47;33;45;48;2;78;55;70m▄[38;2;68;50;62;48;2;71;50;64m▄[38;2;65;46;58;48;2;41;28;38m▄[38;2;34;23;31;48;2;18;11;19m▄[0m[38;2;61;53;57m▄[38;2;152;139;140m▄[38;2;214;197;198;48;2;52;46;50m▄[38;2;222;202;204;48;2;102;93;96m▄[38;2;221;198;202;48;2;124;114;117m▄[38;2;204;185;187;48;2;78;70;73m▄[0m[38;2;137;126;129m▄[38;2;74;55;60m▄[38;2;64;36;38m▄[38;2;44;26;26m▄[0m [38;2;24;17;17m▄[38;2;220;186;174;48;2;162;134;126m▄[38;2;250;214;201;48;2;248;213;200m▄[38;2;252;217;204;48;2;252;216;203m▄[38;2;241;206;193;48;2;251;216;203m▄[38;2;182;150;142;48;2;248;212;200m▄[38;2;96;74;71;48;2;242;203;191m▄[38;2;62;49;47;48;2;221;175;164m▄[0m[7m[38;2;168;125;116m▄[38;2;67;47;44m▄[0m  [38;2;12;6;9m▄[0m                   [0m
      [38;2;49;41;52m▄[38;2;60;50;63m▄[38;2;60;51;62;48;2;9;7;12m▄[38;2;62;53;64;48;2;23;18;27m▄[38;2;63;53;64;48;2;39;29;42m▄[38;2;64;55;66;48;2;49;38;51m▄[38;2;61;51;63;48;2;53;43;55m▄[38;2;63;53;65;48;2;55;45;56m▄[38;2;55;46;56;48;2;56;45;57m▄[38;2;53;45;56;48;2;56;46;58m▄[38;2;54;44;56;48;2;52;43;54m▄[38;2;56;46;59;48;2;24;19;25m▄[0m[38;2;63;55;66m▄[38;2;61;53;64m▄[38;2;51;44;54m▄[38;2;35;29;38m▄[38;2;44;33;46;48;2;46;35;49m▄[38;2;50;38;53;48;2;49;37;51m▄[38;2;49;37;51m▄[38;2;49;37;52m▄▄[48;2;49;37;52m▄[38;2;72;60;74;48;2;51;39;54m▄[38;2;97;85;100;48;2;53;41;55m▄[38;2;80;68;81;48;2;51;39;53m▄[38;2;104;93;106;48;2;53;41;55m▄[38;2;86;74;88m▄[38;2;50;38;52;48;2;49;37;52m▄[38;2;50;37;52m▄▄[38;2;49;37;52;48;2;49;37;51m▄[38;2;51;39;54;48;2;56;43;58m▄[38;2;49;39;52;48;2;52;42;55m▄[38;2;47;28;42;48;2;31;20;29m▄[38;2;67;24;45;48;2;41;15;27m▄[38;2;85;36;59;48;2;75;31;53m▄[38;2;72;34;52;48;2;78;39;59m▄[38;2;98;51;75;48;2;76;42;60m▄[38;2;78;38;59;48;2;118;59;87m▄[38;2;107;50;78;48;2;120;97;117m▄[38;2;181;68;113;48;2;120;60;90m▄[38;2;152;63;100;48;2;112;52;80m▄[38;2;124;56;82;48;2;96;51;68m▄[38;2;139;88;94;48;2;149;95;106m▄[38;2;232;161;157;48;2;191;142;151m▄[38;2;249;188;181;48;2;197;158;169m▄[38;2;251;208;197;48;2;217;185;184m▄[38;2;251;216;203;48;2;239;205;196m▄[38;2;251;218;205;48;2;246;209;198m▄[38;2;252;218;205;48;2;246;210;198m▄[48;2;244;209;197m▄[38;2;251;217;205;48;2;244;209;199m▄[38;2;251;214;201;48;2;230;198;193m▄[38;2;249;193;184;48;2;204;157;167m▄[38;2;243;170;167;48;2;196;140;156m▄[38;2;171;111;113;48;2;207;148;152m▄[38;2;141;82;88;48;2;133;83;96m▄[38;2;110;61;81;48;2;102;61;79m▄[38;2;111;68;86;48;2;107;69;87m▄[38;2;86;61;74;48;2;90;61;74m▄[38;2;88;72;81;48;2;60;45;53m▄[38;2;98;94;100;48;2;63;64;70m▄[38;2;102;127;126;48;2;83;109;110m▄[38;2;99;139;134;48;2;104;151;143m▄[38;2;84;110;111;48;2;106;149;143m▄[38;2;90;101;107;48;2;94;113;118m▄[38;2;84;81;90;48;2;79;81;89m▄[38;2;63;55;64;48;2;81;67;78m▄[38;2;81;57;72;48;2;57;40;54m▄[38;2;90;61;76;48;2;45;32;42m▄[38;2;84;65;73;48;2;155;125;137m▄[38;2;142;124;130;48;2;187;156;168m▄[38;2;171;151;156;48;2;219;191;198m▄[38;2;239;217;220;48;2;245;225;227m▄[38;2;251;236;235;48;2;250;233;233m▄[38;2;252;236;236;48;2;248;231;231m▄[38;2;250;233;233;48;2;244;225;226m▄[38;2;247;229;229;48;2;221;204;206m▄[38;2;192;179;180;48;2;155;139;142m▄[38;2;117;99;100;48;2;166;115;113m▄[38;2;168;111;105;48;2;202;128;120m▄[38;2;172;110;102;48;2;137;86;81m▄[38;2;212;164;152;48;2;137;113;107m▄[38;2;246;208;195;48;2;238;202;190m▄[38;2;250;215;202;48;2;251;215;202m▄[38;2;251;216;203;48;2;252;217;204m▄[38;2;235;202;190;48;2;238;205;192m▄[38;2;151;128;122;48;2;150;130;122m▄[0m[38;2;37;25;29m▄[38;2;119;86;83m▄[38;2;214;161;151;48;2;60;42;41m▄[38;2;189;142;133;48;2;36;25;24m▄[38;2;97;70;70;48;2;25;15;16m▄[38;2;57;45;54;48;2;59;37;43m▄[38;2;50;40;51;48;2;70;44;52m▄[38;2;29;23;32;48;2;48;28;36m▄[0m[38;2;21;17;24m▄[0m                 [0m
     [38;2;21;17;23m▄[38;2;46;37;49;48;2;55;46;58m▄[38;2;61;51;63;48;2;75;65;78m▄[38;2;75;65;77;48;2;93;81;95m▄[38;2;86;75;86;48;2;108;96;110m▄[38;2;89;78;90;48;2;116;104;118m▄[38;2;92;83;94;48;2;121;108;122m▄[38;2;84;74;85;48;2;108;95;109m▄[38;2;82;72;84;48;2;108;96;110m▄[38;2;57;47;58;48;2;66;55;68m▄[38;2;49;39;51;48;2;59;48;61m▄[38;2;47;38;50;48;2;57;46;59m▄[38;2;43;35;47;48;2;55;45;58m▄[38;2;63;55;65;48;2;83;72;86m▄[38;2;93;82;94;48;2;128;113;130m▄[38;2;71;63;73;48;2;97;86;100m▄[38;2;34;29;37;48;2;54;45;56m▄[38;2;30;21;32;48;2;47;34;49m▄[38;2;46;34;48;48;2;50;37;52m▄[38;2;49;37;51;48;2;49;37;51m▄[38;2;49;37;52;48;2;49;37;52m▄[38;2;49;36;51;48;2;49;36;51m▄▄[38;2;84;71;85;48;2;87;75;88m▄[38;2;74;61;75;48;2;60;48;62m▄[38;2;79;67;80m▄[38;2;74;61;76;48;2;67;54;68m▄[38;2;72;58;73;48;2;80;68;81m▄[38;2;56;43;58;48;2;53;41;55m▄[38;2;50;37;52;48;2;50;37;52m▄▄[38;2;49;37;52;48;2;49;37;52m▄[48;2;49;37;51m▄[38;2;56;43;58;48;2;55;43;57m▄[38;2;51;39;52;48;2;46;35;47m▄[38;2;50;24;39;48;2;31;15;26m▄[38;2;93;34;58;48;2;40;14;27m▄[38;2;116;44;74;48;2;92;39;64m▄[38;2;104;45;73;48;2;110;48;77m▄[38;2;120;51;83;48;2;132;58;92m▄[38;2;119;47;79;48;2;105;45;74m▄[38;2;139;58;91;48;2;160;59;102m▄[38;2;133;59;87;48;2;159;64;104m▄[38;2;112;56;78;48;2;134;58;88m▄[38;2;99;51;71;48;2;127;81;92m▄[38;2;75;54;63;48;2;181;143;138m▄[38;2;113;92;94;48;2;222;183;173m▄[38;2;157;132;128;48;2;238;203;191m▄[38;2;173;147;139;48;2;244;211;198m▄[38;2;179;153;145;48;2;245;211;199m▄[38;2;186;157;149;48;2;244;210;198m▄[38;2;186;154;147;48;2;245;211;199m▄[38;2;175;148;140;48;2;243;211;198m▄[38;2;179;143;136;48;2;241;207;195m▄[38;2;150;114;107;48;2;229;193;182m▄[38;2;114;70;66;48;2;209;169;159m▄[38;2;71;38;44;48;2;165;127;122m▄[38;2;102;64;81;48;2;98;54;68m▄[38;2;119;90;101;48;2;126;72;93m▄[38;2;167;147;153;48;2;114;84;96m▄[38;2;227;206;210;48;2;166;142;150m▄[38;2;246;226;228;48;2;231;209;212m▄[38;2;239;222;223;48;2;222;206;207m▄[38;2;185;177;180;48;2;158;159;160m▄[38;2;121;130;135;48;2;111;136;136m▄[38;2;108;113;122;48;2;92;109;114m▄[38;2;99;89;101;48;2;84;95;100m▄[38;2;82;68;79;48;2;93;90;100m▄[38;2;96;72;85;48;2;101;81;95m▄[38;2;86;62;76;48;2;54;39;49m▄[38;2;140;112;125;48;2;102;75;88m▄[38;2;186;163;168;48;2;123;98;108m▄[38;2;242;219;222;48;2;170;151;155m▄[38;2;249;230;231;48;2;241;221;223m▄[38;2;247;227;228;48;2;242;220;222m▄[38;2;250;233;233;48;2;251;235;235m▄[38;2;251;236;235;48;2;252;236;236m▄[48;2;251;235;235m▄[38;2;250;233;233;48;2;249;232;233m▄[38;2;248;231;231;48;2;244;227;227m▄[38;2;208;194;194;48;2;189;168;172m▄[38;2;204;174;168;48;2;145;116;117m▄[38;2;236;197;186;48;2;110;85;84m▄[38;2;197;165;156;48;2;171;118;110m▄[38;2;163;130;121;48;2;213;170;158m▄[38;2;189;152;143;48;2;237;201;188m▄[38;2;199;163;153;48;2;246;210;198m▄[38;2;181;145;139;48;2;227;190;179m▄[38;2;72;51;58;48;2;133;100;97m▄[38;2;75;50;65;48;2;55;43;53m▄[38;2;66;45;60;48;2;76;60;66m▄[38;2;43;34;45;48;2;104;83;81m▄[38;2;46;37;48;48;2;83;66;68m▄[38;2;51;42;53;48;2;47;38;47m▄[38;2;52;43;54;48;2;51;42;52m▄[38;2;44;36;46;48;2;43;35;46m▄[38;2;54;41;53;48;2;33;26;35m▄[38;2;107;65;83;48;2;69;53;66m▄[38;2;101;64;82;48;2;58;45;58m▄[38;2;47;36;47;48;2;33;26;36m▄[38;2;37;30;40;48;2;45;37;47m▄[38;2;50;41;52;48;2;48;39;51m▄[48;2;45;37;47m▄[38;2;51;42;53;48;2;29;24;32m▄[38;2;48;39;50;48;2;19;14;20m▄[0m[38;2;35;28;38m▄[38;2;17;13;19m▄[0m        [0m
    [38;2;46;38;50;48;2;35;29;39m▄[38;2;57;46;59;48;2;42;35;46m▄[38;2;59;49;61;48;2;45;37;47m▄[38;2;78;67;80;48;2;56;48;58m▄[38;2;96;85;98;48;2;66;57;67m▄[38;2;87;75;88;48;2;60;50;61m▄[38;2;100;88;101;48;2;68;59;70m▄[38;2;98;86;100;48;2;67;58;69m▄[38;2;102;90;104;48;2;70;61;72m▄[38;2;97;87;100;48;2;68;60;70m▄[38;2;92;82;94;48;2;69;61;71m▄[38;2;54;44;56;48;2;42;34;44m▄[38;2;53;43;55;48;2;40;33;43m▄[38;2;73;63;75;48;2;45;39;47m▄[38;2;118;104;119;48;2;70;61;72m▄[38;2;109;96;110;48;2;66;58;68m▄[38;2;58;51;60;48;2;38;32;40m▄[38;2;6;5;7;48;2;7;6;8m▄[0m[7m[38;2;23;17;23m▄[0m[38;2;42;30;43;48;2;48;36;50m▄[38;2;49;36;51;48;2;50;37;52m▄[38;2;49;37;52;48;2;49;37;52m▄▄[38;2;50;37;52;48;2;49;37;51m▄[48;2;53;41;55m▄[48;2;72;60;74m▄[38;2;51;38;53;48;2;62;49;64m▄[38;2;50;38;52;48;2;67;54;69m▄[38;2;49;37;52;48;2;77;64;79m▄[48;2;50;37;52m▄[38;2;50;38;53m▄[48;2;50;38;52m▄[38;2;50;38;52m▄▄[48;2;51;39;54m▄[38;2;58;46;60;48;2;51;41;54m▄[38;2;50;39;52;48;2;38;27;38m▄[38;2;20;11;17;48;2;39;15;27m▄[38;2;71;23;44;48;2;58;19;38m▄[38;2;97;41;67;48;2;106;44;72m▄[38;2;111;57;77;48;2;112;48;78m▄[38;2;164;127;122;48;2;130;67;89m▄[38;2;238;193;181;48;2;152;111;114m▄[38;2;238;195;184;48;2;154;122;118m▄[38;2;237;200;188;48;2;156;122;119m▄[38;2;193;154;146;48;2;125;90;95m▄[38;2;122;88;91;48;2;83;55;68m▄[38;2;81;51;66;48;2;64;43;58m▄[38;2;79;54;67;48;2;57;40;52m▄[38;2;116;89;93;48;2;64;48;53m▄[38;2;193;158;152;48;2;104;85;83m▄[38;2;240;204;193;48;2;142;116;111m▄[38;2;249;215;203;48;2;147;120;115m▄[38;2;244;207;195;48;2;129;104;100m▄[38;2;221;183;173;48;2;132;94;89m▄[38;2;184;152;144;48;2;116;78;73m▄[38;2;177;144;139;48;2;145;92;90m▄[38;2;159;135;130;48;2;94;69;73m▄[38;2;190;165;163;48;2;142;118;125m▄[38;2;217;192;192;48;2;179;161;164m▄[38;2;239;219;220;48;2;234;215;217m▄[38;2;248;230;230;48;2;246;227;228m▄[38;2;250;234;233;48;2;249;232;231m▄[38;2;250;233;233;48;2;249;232;232m▄[38;2;231;212;215;48;2;212;195;199m▄[38;2;175;153;162;48;2;140;129;136m▄[38;2;130;107;119;48;2;108;100;110m▄[38;2;113;89;101;48;2;112;97;110m▄[38;2;103;77;91;48;2;87;68;81m▄[38;2;115;92;102;48;2;95;75;85m▄[38;2;156;138;143;48;2;108;85;96m▄[38;2;234;214;216;48;2;140;121;128m▄[38;2;237;215;218;48;2;175;158;162m▄[38;2;240;218;222;48;2;239;218;222m▄[38;2;247;226;228;48;2;249;231;231m▄[38;2;245;224;226;48;2;247;228;229m▄[38;2;247;228;228;48;2;249;231;231m▄[38;2;248;230;231;48;2;251;235;234m▄[38;2;249;232;232;48;2;251;236;235m▄[38;2;248;230;231;48;2;250;234;234m▄[38;2;247;226;227;48;2;248;230;230m▄[38;2;247;228;229;48;2;241;226;226m▄[38;2;198;182;181;48;2;199;175;171m▄[38;2;210;181;172;48;2;224;190;179m▄[38;2;245;210;198;48;2;249;213;201m▄[38;2;251;216;204;48;2;249;213;200m▄[38;2;236;204;193;48;2;200;166;157m▄[38;2;122;105;103;48;2;137;110;105m▄[38;2;35;26;39;48;2;98;69;71m▄[38;2;46;35;47;48;2;54;38;50m▄[38;2;59;44;57;48;2;82;52;69m▄[38;2;51;42;53;48;2;69;48;62m▄[38;2;52;43;53;48;2;51;42;53m▄[38;2;52;43;54m▄[48;2;51;43;53m▄[48;2;52;43;54m▄[48;2;51;42;53m▄[38;2;51;42;53;48;2;61;45;58m▄[38;2;58;44;57;48;2;111;65;85m▄[38;2;90;58;75;48;2;134;77;100m▄[38;2;67;49;63;48;2;71;51;65m▄[38;2;37;29;39;48;2;28;22;31m▄[38;2;36;27;39;48;2;46;37;48m▄[38;2;39;32;42;48;2;43;35;46m▄[38;2;51;42;53;48;2;50;41;52m▄[38;2;50;41;52;48;2;50;41;53m▄[38;2;44;36;46;48;2;46;37;49m▄[38;2;40;31;42;48;2;37;29;40m▄[38;2;34;27;37;48;2;20;15;22m▄[0m       [0m
    [38;2;52;43;54;48;2;40;32;43m▄[38;2;49;39;51;48;2;45;36;47m▄[38;2;50;40;52;48;2;46;37;48m▄[38;2;57;47;59;48;2;56;47;58m▄[38;2;64;55;66;48;2;66;57;68m▄[38;2;75;66;77;48;2;67;58;69m▄[38;2;78;69;79;48;2;72;63;73m▄[38;2;88;77;90;48;2;72;63;75m▄[38;2;69;60;71;48;2;69;61;71m▄[38;2;54;44;55;48;2;64;55;65m▄[38;2;52;42;53;48;2;53;44;55m▄[38;2;51;41;53;48;2;44;35;46m▄[38;2;48;38;50;48;2;44;36;46m▄[38;2;49;41;52;48;2;55;48;57m▄[38;2;71;61;73;48;2;84;74;87m▄[38;2;92;81;94;48;2;84;74;86m▄[38;2;67;61;69;48;2;54;47;57m▄[38;2;29;32;31;48;2;13;11;15m▄[0m [38;2;25;18;26;48;2;26;19;28m▄[38;2;47;34;49;48;2;49;36;51m▄[38;2;46;34;49;48;2;49;37;52m▄[38;2;46;33;48m▄[38;2;46;34;49m▄[38;2;46;34;48;48;2;50;37;52m▄▄[38;2;47;34;49m▄[38;2;46;34;49m▄▄▄[48;2;50;38;53m▄[38;2;47;34;49m▄[38;2;47;35;49m▄▄[38;2;47;34;49;48;2;50;37;52m▄[38;2;49;37;52;48;2;58;45;61m▄[38;2;51;41;54;48;2;52;41;54m▄[38;2;29;24;31;48;2;25;14;21m▄[38;2;38;26;37;48;2;57;19;38m▄[38;2;50;31;43;48;2;71;27;49m▄[38;2;83;55;63;48;2;97;63;70m▄[38;2;112;84;84;48;2;191;148;140m▄[38;2;126;92;92;48;2;208;161;152m▄[38;2;109;82;83;48;2;191;148;142m▄[38;2;114;88;88;48;2;199;163;154m▄[38;2;110;82;83;48;2;177;139;131m▄[38;2;106;77;78;48;2;142;107;104m▄[38;2;85;52;58;48;2;85;51;59m▄[38;2;95;60;63;48;2;95;62;69m▄[38;2;145;107;104;48;2;154;117;114m▄[38;2;210;169;159;48;2;222;182;172m▄[38;2;240;201;189;48;2;248;212;199m▄[38;2;247;212;200;48;2;251;217;204m▄[38;2;246;210;197;48;2;252;217;205m▄[38;2;238;199;188;48;2;251;217;205m▄[38;2;247;210;197;48;2;251;217;204m▄[38;2;251;217;205;48;2;249;214;202m▄[48;2;235;201;189m▄[38;2;248;212;200;48;2;212;177;168m▄[38;2;228;185;175;48;2;204;167;162m▄[38;2;202;156;150;48;2;212;186;185m▄[38;2;207;175;173;48;2;238;219;219m▄[38;2;228;208;209;48;2;248;230;231m▄[38;2;241;220;222;48;2;248;229;230m▄[38;2;240;218;221;48;2;239;219;221m▄[38;2;183;164;169;48;2;185;164;171m▄[38;2;152;128;138;48;2;156;129;141m▄[38;2;190;158;170;48;2;163;134;145m▄[38;2;197;166;176;48;2;146;120;130m▄[38;2;193;166;174;48;2;132;109;118m▄[38;2;221;197;203;48;2;204;184;188m▄[38;2;229;203;209;48;2;240;220;222m▄[38;2;234;210;214;48;2;232;207;211m▄[38;2;238;217;219;48;2;244;224;225m▄[38;2;232;210;214;48;2;245;225;226m▄[38;2;227;201;208;48;2;241;219;221m▄[38;2;230;203;209;48;2;240;217;219m▄[38;2;235;210;215;48;2;242;220;223m▄[38;2;236;210;215;48;2;243;222;224m▄[38;2;240;216;219;48;2;244;222;224m▄[38;2;244;221;223;48;2;245;222;224m▄[38;2;246;226;227;48;2;246;227;228m▄[38;2;241;227;226;48;2;229;216;216m▄[38;2;171;138;137;48;2;195;163;158m▄[38;2;222;175;165;48;2;235;198;187m▄[38;2;245;205;195;48;2;250;214;203m▄[38;2;85;73;74;48;2;176;153;147m▄[38;2;37;26;38;48;2;45;36;44m▄[38;2;33;26;36;48;2;34;26;38m▄[38;2;65;55;66;48;2;49;41;51m▄[38;2;89;79;90;48;2;66;57;67m▄[38;2;105;94;105;48;2;73;64;75m▄[38;2;82;72;82;48;2;64;55;66m▄[38;2;60;49;61;48;2;54;45;56m▄[38;2;57;47;58;48;2;54;44;55m▄[38;2;76;67;78;48;2;62;53;63m▄[38;2;102;91;103;48;2;73;63;74m▄[38;2;97;86;98;48;2;70;60;71m▄[38;2;74;64;76;48;2;57;48;59m▄[38;2;61;51;63;48;2;53;43;54m▄[38;2;52;42;54;48;2;52;42;54m▄[38;2;38;29;40;48;2;45;35;47m▄[38;2;21;16;25;48;2;27;20;30m▄[38;2;42;33;44;48;2;45;36;47m▄[38;2;45;36;46;48;2;51;43;53m▄[38;2;43;35;46;48;2;50;41;52m▄[38;2;39;31;41;48;2;43;35;45m▄[38;2;40;32;42;48;2;39;31;42m▄[38;2;44;36;46;48;2;40;32;42m▄[38;2;32;25;34;48;2;23;18;24m▄[0m      [0m
    [38;2;43;34;44;48;2;59;48;61m▄[38;2;42;32;43;48;2;54;42;56m▄[38;2;43;34;45;48;2;56;45;58m▄[38;2;47;38;49;48;2;63;53;65m▄[38;2;54;46;56;48;2;74;64;76m▄[38;2;62;54;65;48;2;87;77;89m▄[38;2;63;55;65;48;2;92;81;93m▄[38;2;69;60;70;48;2;101;90;103m▄[38;2;55;47;57;48;2;77;66;79m▄[38;2;45;37;46;48;2;59;49;60m▄[38;2;45;36;47;48;2;57;46;59m▄[38;2;42;33;45;48;2;56;45;58m▄[38;2;39;29;41;48;2;52;41;55m▄[38;2;40;33;43;48;2;55;46;58m▄[38;2;48;41;50;48;2;78;68;80m▄[38;2;57;52;60;48;2;101;91;103m▄[38;2;38;46;40;48;2;67;71;69m▄[38;2;28;48;30;48;2;37;56;38m▄[38;2;24;39;26;48;2;19;36;20m▄[38;2;21;22;24;48;2;24;23;25m▄[38;2;24;17;27;48;2;36;27;39m▄[38;2;25;17;29;48;2;38;27;41m▄[38;2;26;18;29;48;2;39;27;41m▄[38;2;26;18;30;48;2;39;27;42m▄[38;2;26;18;29;48;2;39;28;42m▄[38;2;25;18;29;48;2;38;28;42m▄[38;2;26;19;29;48;2;39;28;41m▄[38;2;25;18;29;48;2;38;28;41m▄[38;2;26;18;29;48;2;39;28;41m▄[48;2;39;28;42m▄▄▄[48;2;39;29;42m▄[48;2;39;28;42m▄[38;2;25;18;29;48;2;38;28;41m▄[38;2;25;18;28;48;2;38;28;42m▄[38;2;29;21;31;48;2;45;35;49m▄[38;2;29;23;32;48;2;45;37;48m▄[38;2;34;28;37;48;2;53;45;56m▄[38;2;36;29;39;48;2;55;46;57m▄[38;2;33;26;35;48;2;61;47;58m▄[38;2;35;29;38;48;2;63;51;60m▄[38;2;38;29;39;48;2;69;53;63m▄[38;2;35;27;38;48;2;61;46;56m▄[38;2;35;28;38;48;2;62;48;58m▄[38;2;36;27;38;48;2;65;49;60m▄[38;2;36;27;37;48;2;65;47;58m▄[38;2;35;26;37;48;2;66;46;57m▄[38;2;31;22;33;48;2;65;44;53m▄[38;2;38;26;33;48;2;92;69;71m▄[38;2;42;29;30;48;2;145;111;106m▄[0m[7m[38;2;189;149;141m▄[38;2;196;161;152m▄[38;2;188;155;147m▄[38;2;172;134;128m▄[38;2;191;156;147m▄[38;2;199;166;158m▄[0m[38;2;142;109;103;48;2;220;184;173m▄[38;2;166;130;124;48;2;241;201;189m▄[38;2;173;135;128;48;2;241;196;184m▄[38;2;140;99;94;48;2;205;149;140m▄[38;2;97;64;67;48;2;161;117;114m▄[38;2;91;74;82;48;2;167;146;149m▄[38;2;113;101;106;48;2;200;182;185m▄[38;2;141;130;132;48;2;222;202;205m▄[38;2;150;139;141;48;2;196;178;181m▄[38;2;94;85;89;48;2;132;115;122m▄[38;2;43;36;40;48;2;133;110;120m▄[0m[7m[38;2;158;133;142m▄[38;2;171;145;155m▄[0m[38;2;100;79;92;48;2;181;154;165m▄[38;2;119;98;109;48;2;194;168;178m▄[38;2;142;118;129;48;2;209;183;190m▄[38;2;151;130;139;48;2;208;183;191m▄[38;2;166;149;153;48;2;210;186;194m▄[38;2;170;154;158;48;2;213;188;195m▄[38;2;171;152;156;48;2;224;199;204m▄[38;2;176;160;163;48;2;237;214;217m▄[38;2;183;169;171;48;2;241;218;221m▄[38;2;179;166;167;48;2;242;220;223m▄[38;2;158;146;149;48;2;230;212;213m▄[38;2;85;78;80;48;2;205;189;191m▄[0m[7m[38;2;187;174;176m▄[38;2;137;105;106m▄[38;2;180;126;117m▄[38;2;198;157;148m▄[38;2;38;29;34m▄[0m[38;2;22;16;24;48;2;33;23;35m▄[38;2;25;20;28;48;2;34;28;37m▄[38;2;45;38;49;48;2;69;58;71m▄[38;2;38;31;40;48;2;72;62;74m▄[38;2;40;33;42;48;2;79;69;80m▄[48;2;68;58;69m▄[48;2;59;48;59m▄[38;2;40;32;41;48;2;56;46;57m▄[38;2;39;32;41;48;2;64;55;66m▄[38;2;40;33;42;48;2;77;68;79m▄[38;2;41;34;43;48;2;78;68;80m▄[38;2;50;42;52;48;2;78;68;81m▄[38;2;45;38;48;48;2;70;59;72m▄[38;2;26;21;30;48;2;46;38;49m▄[38;2;9;6;12;48;2;21;17;25m▄[38;2;33;27;36;48;2;27;22;30m▄[38;2;46;38;48;48;2;43;34;45m▄[38;2;45;36;46;48;2;40;32;42m▄[38;2;46;36;47m▄[38;2;45;37;47;48;2;41;34;44m▄[38;2;41;34;43;48;2;46;38;48m▄[38;2;32;26;35;48;2;44;36;46m▄[38;2;26;21;29;48;2;30;24;33m▄[38;2;23;18;26;48;2;16;13;19m▄[0m     [0m
                                                                                                                        [0m
                                                                                                                        [0m
